KDE RGB Palette
#
148 147 150 
150 0 0 
131 148 150 
238 0 0 
238 238 238 
36 132 9 
128 0 0 
135 6 79 
135 6 79 
161 9 9 
103 95 255 
103 95 255 
30 37 255 
30 37 255 
40 209 255 
40 209 255 
0 0 0 
0 0 0 
29 152 186 
29 152 186 
40 209 255 
40 209 255 
8 255 16 
8 255 16 
255 0 0 
255 0 0 
255 223 12 
255 223 12 
31 213 56 
31 213 56 
0 255 226 
0 255 226 
0 17 255 
0 17 255 
255 255 255 
255 255 255 
75 105 255 
75 105 255 
0 119 255 
0 119 255 
255 205 2 
255 205 2 
0 0 0 
0 0 0 
28 134 255 
28 134 255 
7 54 66 
4 34 42 
255 226 36 
255 226 36 
8 255 16 
0 255 0 
0 140 0 
131 148 150 
147 161 161 
24 240 24 
24 240 24 
131 148 150 
147 161 161 
24 240 24 
24 240 24 
14 147 14 
25 255 25 
19 191 19 
15 150 26 
255 255 255 
0 255 209 
0 184 216 
86 149 144 
